==========================================================================================================================================
Wireless LAN Statistics - walkways_main_loop.pcap:
BSSID  Channel  SSID  Percent Packets  Percent Retry  Retry  Beacons  Data Pkts  Probe Reqs  Probe Resp  Auths  Deauths  Other  Protection
------------------------------------------------------------------------------------------------------------------------------------------
00:80:a3:df:08:90        5  2rlqlmiwIh7ClPocUpi0         0.382247      22.222222      4       13          0           0           5      0        0      0            
02:29:e9:f6:59:f6        6  HPCP1525-99a763         1.380336       0.000000      0       52          0           0          13      0        0      0            
02:80:a3:8b:34:42        5  qe23ubrOP3lclxuBRUkl         0.233595      36.363636      4        6          0           0           5      0        0      0            
34:fc:b9:12:a0:90      161  RIT-WiFi         0.382247       0.000000      0       17          0           0           0      0        0      1            
34:fc:b9:12:a0:92      161  eduroam         0.361011       0.000000      0       17          0           0           0      0        0      0            
34:fc:b9:12:a0:93      161  RIT-Guest         0.361011       0.000000      0       17          0           0           0      0        0      0            
34:fc:b9:12:a8:10       36  RIT-WiFi         0.764494       0.000000      0       36          0           0           0      0        0      0            
34:fc:b9:12:a8:12       36  eduroam         0.828201       0.000000      0       39          0           0           0      0        0      0            
34:fc:b9:12:a8:13       36  RIT-Guest         0.785729       0.000000      0       37          0           0           0      0        0      0            
34:fc:b9:12:fb:d0      100  RIT-WiFi         0.212359       0.000000      0       10          0           0           0      0        0      0            
34:fc:b9:12:fb:d2      100  eduroam         0.191123       0.000000      0        9          0           0           0      0        0      0            
34:fc:b9:12:fb:d3      100  RIT-Guest         0.212359       0.000000      0       10          0           0           0      0        0      0            
34:fc:b9:12:fc:10       56  RIT-WiFi         0.042472       0.000000      0        2          0           0           0      0        0      0            
34:fc:b9:12:fc:12       56  eduroam         0.021236       0.000000      0        1          0           0           0      0        0      0            
34:fc:b9:12:ff:e0        0  <Broadcast>         0.021236       0.000000      0        0          0           0           0      0        0      1            
34:fc:b9:12:ff:f0      161  RIT-WiFi         0.530898       0.000000      0       24          0           0           0      0        0      1            
34:fc:b9:12:ff:f2      161  eduroam         0.509662       0.000000      0       24          0           0           0      0        0      0            
34:fc:b9:12:ff:f3      161  RIT-Guest         0.530898       0.000000      0       25          0           0           0      0        0      0            
34:fc:b9:13:01:b0       52  RIT-WiFi         0.063708       0.000000      0        3          0           0           0      0        0      0            
34:fc:b9:13:01:b2       52  eduroam         0.106180       0.000000      0        5          0           0           0      0        0      0            
34:fc:b9:13:01:b3       52  RIT-Guest         0.127416       0.000000      0        6          0           0           0      0        0      0            
34:fc:b9:13:01:d0       40  RIT-WiFi         0.573370       0.000000      0       27          0           0           0      0        0      0            
34:fc:b9:13:01:d2       40  eduroam         0.658314       0.000000      0       31          0           0           0      0        0      0            
34:fc:b9:13:01:d3       40  RIT-Guest         0.658314       0.000000      0       31          0           0           0      0        0      0            
34:fc:b9:13:02:f0       56  RIT-WiFi         0.530898       0.000000      0       25          0           0           0      0        0      0            
34:fc:b9:13:02:f2       56  eduroam         0.488426       0.000000      0       23          0           0           0      0        0      0            
34:fc:b9:13:02:f3       56  RIT-Guest         0.509662       0.000000      0       24          0           0           0      0        0      0            
34:fc:b9:13:03:40        0  <Broadcast>         0.021236       0.000000      0        0          0           0           0      0        0      1            
34:fc:b9:13:03:50      116  RIT-WiFi         0.467190       0.000000      0       22          0           0           0      0        0      0            
34:fc:b9:13:03:52      116  eduroam         0.467190       0.000000      0       22          0           0           0      0        0      0            
34:fc:b9:13:03:53      116  RIT-Guest         0.467190       0.000000      0       22          0           0           0      0        0      0            
34:fc:b9:13:03:e0        6  RIT-WiFi         0.021236       0.000000      0        1          0           0           0      0        0      0            
34:fc:b9:13:03:e2        6  eduroam         0.042472       0.000000      0        2          0           0           0      0        0      0            
34:fc:b9:13:03:e3        6  RIT-Guest         0.042472       0.000000      0        2          0           0           0      0        0      0            
34:fc:b9:13:03:f0      124  RIT-WiFi         0.891909       0.000000      0       41          0           0           1      0        0      0            
34:fc:b9:13:03:f2      124  eduroam         0.849437       0.000000      0       39          0           0           1      0        0      0            
34:fc:b9:13:03:f3      124  RIT-Guest         0.913145       0.000000      0       41          0           0           2      0        0      0            
34:fc:b9:13:04:50      157  RIT-WiFi         0.785729       0.000000      0       35          0           0           0      0        0      2            
34:fc:b9:13:04:52      157  eduroam         0.806965       0.000000      0       38          0           0           0      0        0      0            
34:fc:b9:13:04:53      157  RIT-Guest         0.785729       0.000000      0       37          0           0           0      0        0      0            
34:fc:b9:13:04:90       36  RIT-WiFi         0.254831       0.000000      0       12          0           0           0      0        0      0            
34:fc:b9:13:04:92       36  eduroam         0.276067       0.000000      0       13          0           0           0      0        0      0            
34:fc:b9:13:04:93       36  RIT-Guest         0.254831       0.000000      0       12          0           0           0      0        0      0            
34:fc:b9:13:07:40       11  RIT-WiFi         0.063708       0.000000      0        2          0           0           0      0        0      1            
34:fc:b9:13:07:42       11  eduroam         0.042472       0.000000      0        2          0           0           0      0        0      0            
34:fc:b9:13:07:50      161  RIT-WiFi         0.658314       0.000000      0       29          0           0           0      0        0      2            
34:fc:b9:13:07:52      161  eduroam         0.552134       0.000000      0       26          0           0           0      0        0      0            
34:fc:b9:13:07:53      161  RIT-Guest         0.552134       0.000000      0       26          0           0           0      0        0      0            
34:fc:b9:13:07:60        1  RIT-WiFi         0.042472       0.000000      0        2          0           0           0      0        0      0            
34:fc:b9:13:07:62        1  eduroam         0.021236       0.000000      0        1          0           0           0      0        0      0            
34:fc:b9:13:07:63        1  RIT-Guest         0.021236       0.000000      0        1          0           0           0      0        0      0            
34:fc:b9:13:07:70      100  RIT-WiFi         0.785729       0.000000      0       36          0           0           1      0        0      0            
34:fc:b9:13:07:72      100  eduroam         0.743258       0.000000      0       34          0           0           1      0        0      0            
34:fc:b9:13:07:73      100  RIT-Guest         0.764494       0.000000      0       35          0           0           1      0        0      0            
34:fc:b9:13:08:70      136  RIT-WiFi         0.021236       0.000000      0        1          0           0           0      0        0      0            
34:fc:b9:13:08:72      136  eduroam         0.084944       0.000000      0        3          0           1           0      0        0      0            
34:fc:b9:13:08:73      136  RIT-Guest         0.042472       0.000000      0        2          0           0           0      0        0      0            
34:fc:b9:13:09:70       64  RIT-WiFi         0.509662       0.000000      0       24          0           0           0      0        0      0            
34:fc:b9:13:09:72       64  eduroam         0.552134       0.000000      0       26          0           0           0      0        0      0            
34:fc:b9:13:09:73       64  RIT-Guest         0.445955       0.000000      0       21          0           0           0      0        0      0            
34:fc:b9:13:09:92      120  eduroam         0.021236       0.000000      0        1          0           0           0      0        0      0            
34:fc:b9:13:09:d0      128  RIT-WiFi         0.403483       0.000000      0       19          0           0           0      0        0      0            
34:fc:b9:13:09:d2      128  eduroam         0.424719       0.000000      0       20          0           0           0      0        0      0            
34:fc:b9:13:09:d3      128  RIT-Guest         0.445955       0.000000      0       21          0           0           0      0        0      0            
34:fc:b9:13:0a:30       60  RIT-WiFi         0.764494       0.000000      0       36          0           0           0      0        0      0            
34:fc:b9:13:0a:32       60  eduroam         0.785729       0.000000      0       37          0           0           0      0        0      0            
34:fc:b9:13:0a:33       60  RIT-Guest         0.764494       0.000000      0       36          0           0           0      0        0      0            
34:fc:b9:13:0b:00        1  RIT-WiFi         0.106180       0.000000      0        5          0           0           0      0        0      0            
34:fc:b9:13:0b:02        1  eduroam         0.063708       0.000000      0        3          0           0           0      0        0      0            
34:fc:b9:13:0b:03        1  RIT-Guest         0.084944       0.000000      0        4          0           0           0      0        0      0            
34:fc:b9:13:0b:10       60  RIT-WiFi         0.828201       0.000000      0       39          0           0           0      0        0      0            
34:fc:b9:13:0b:12       60  eduroam         0.849437       0.000000      0       40          0           0           0      0        0      0            
34:fc:b9:13:0b:13       60  RIT-Guest         0.764494       0.000000      0       36          0           0           0      0        0      0            
34:fc:b9:13:0c:80        1  RIT-WiFi         0.021236       0.000000      0        1          0           0           0      0        0      0            
34:fc:b9:13:0c:82        1  eduroam         0.021236       0.000000      0        1          0           0           0      0        0      0            
34:fc:b9:13:0c:83        1  RIT-Guest         0.042472       0.000000      0        2          0           0           0      0        0      0            
34:fc:b9:13:0c:90       44  RIT-WiFi         0.573370       0.000000      0       25          0           0           0      0        0      2            
34:fc:b9:13:0c:92       44  eduroam         0.552134       0.000000      0       26          0           0           0      0        0      0            
34:fc:b9:13:0c:93       44  RIT-Guest         0.594606       0.000000      0       28          0           0           0      0        0      0            
34:fc:b9:13:0c:f0        0  <Broadcast>         0.042472       0.000000      0        0          0           0           0      0        0      2            
34:fc:b9:13:0d:10      100  RIT-WiFi         0.722022       0.000000      0       34          0           0           0      0        0      0            
34:fc:b9:13:0d:12      100  eduroam         0.615842       0.000000      0       27          0           0           2      0        0      0            
34:fc:b9:13:0d:13      100  RIT-Guest         0.658314       0.000000      0       30          0           0           1      0        0      0            
34:fc:b9:13:0d:60       11  RIT-WiFi         0.063708       0.000000      0        3          0           0           0      0        0      0            
34:fc:b9:13:0d:62       11  eduroam         0.127416       0.000000      0        4          0           1           1      0        0      0            
34:fc:b9:13:0d:63       11  RIT-Guest         0.063708       0.000000      0        3          0           0           0      0        0      0            
34:fc:b9:13:0d:70      132  RIT-WiFi         0.828201       0.000000      0       37          0           0           2      0        0      0            
34:fc:b9:13:0d:72      132  eduroam         0.849437       0.000000      0       38          0           0           2      0        0      0            
34:fc:b9:13:0d:73      132  RIT-Guest         0.849437       0.000000      0       37          0           0           3      0        0      0            
34:fc:b9:13:0e:50       52  RIT-WiFi         0.891909       0.000000      0       42          0           0           0      0        0      0            
34:fc:b9:13:0e:52       52  eduroam         0.849437       0.000000      0       40          0           0           0      0        0      0            
34:fc:b9:13:0e:53       52  RIT-Guest         0.891909       0.000000      0       42          0           0           0      0        0      0            
34:fc:b9:13:0f:30      116  RIT-WiFi         0.106180       0.000000      0        5          0           0           0      0        0      0            
34:fc:b9:13:0f:32      116  eduroam         0.084944       0.000000      0        4          0           0           0      0        0      0            
34:fc:b9:13:0f:33      116  RIT-Guest         0.106180       0.000000      0        5          0           0           0      0        0      0            
34:fc:b9:13:0f:80        0  <Broadcast>         0.042472       0.000000      0        0          0           0           0      0        0      2            
34:fc:b9:13:0f:90       48  RIT-WiFi         0.509662       0.000000      0       23          0           0           1      0        0      0            
34:fc:b9:13:0f:92       48  eduroam         0.573370       0.000000      0       26          0           0           1      0        0      0            
34:fc:b9:13:0f:93       48  RIT-Guest         0.573370       0.000000      0       26          0           0           1      0        0      0            
34:fc:b9:13:10:00        1  RIT-WiFi         0.106180       0.000000      0        3          0           0           0      0        0      2            
34:fc:b9:13:10:02        1  eduroam         0.042472       0.000000      0        2          0           0           0      0        0      0            
34:fc:b9:13:10:03        1  RIT-Guest         0.063708       0.000000      0        3          0           0           0      0        0      0            
34:fc:b9:13:10:10      161  RIT-WiFi         0.658314       0.000000      0       31          0           0           0      0        0      0            
34:fc:b9:13:10:12      161  eduroam         0.637078       0.000000      0       30          0           0           0      0        0      0            
34:fc:b9:13:10:13      161  RIT-Guest         0.658314       0.000000      0       31          0           0           0      0        0      0            
34:fc:b9:13:10:70      132  RIT-WiFi         0.785729       0.000000      0       35          0           0           2      0        0      0            
34:fc:b9:13:10:72      132  eduroam         0.806965       0.000000      0       36          0           0           2      0        0      0            
34:fc:b9:13:10:73      132  RIT-Guest         0.785729       0.000000      0       34          0           0           3      0        0      0            
34:fc:b9:13:10:a2        1  eduroam         0.021236       0.000000      0        1          0           0           0      0        0      0            
34:fc:b9:13:10:a3        1  RIT-Guest         0.042472       0.000000      0        2          0           0           0      0        0      0            
34:fc:b9:13:10:b0      144  RIT-WiFi         0.637078       0.000000      0       30          0           0           0      0        0      0            
34:fc:b9:13:10:b2      144  eduroam         0.573370       0.000000      0       27          0           0           0      0        0      0            
34:fc:b9:13:10:b3      144  RIT-Guest         0.615842       0.000000      0       29          0           0           0      0        0      0            
34:fc:b9:13:10:d0      116  RIT-WiFi         0.233595       0.000000      0       11          0           0           0      0        0      0            
34:fc:b9:13:10:d2      116  eduroam         0.233595       0.000000      0       11          0           0           0      0        0      0            
34:fc:b9:13:10:d3      116  RIT-Guest         0.212359       0.000000      0       10          0           0           0      0        0      0            
34:fc:b9:13:10:e0       11  RIT-WiFi         0.021236       0.000000      0        1          0           0           0      0        0      0            
34:fc:b9:13:10:e2       11  eduroam         0.021236       0.000000      0        1          0           0           0      0        0      0            
34:fc:b9:13:10:e3       11  RIT-Guest         0.021236       0.000000      0        1          0           0           0      0        0      0            
34:fc:b9:13:10:f0      104  RIT-WiFi         0.679550       0.000000      0       32          0           0           0      0        0      0            
34:fc:b9:13:10:f2      104  eduroam         0.615842       0.000000      0       29          0           0           0      0        0      0            
34:fc:b9:13:10:f3      104  RIT-Guest         0.679550       0.000000      0       32          0           0           0      0        0      0            
34:fc:b9:13:17:d0       44  RIT-WiFi         0.785729       0.000000      0       35          0           0           1      0        0      1            
34:fc:b9:13:17:d2       44  eduroam         0.764494       0.000000      0       35          0           0           1      0        0      0            
34:fc:b9:13:17:d3       44  RIT-Guest         0.743258       0.000000      0       34          0           0           1      0        0      0            
70:3a:0e:91:ba:62        6  eduroam         0.021236       0.000000      0        1          0           0           0      0        0      0            
70:3a:0e:91:ba:70       52  RIT-WiFi         0.722022       0.000000      0       34          0           0           0      0        0      0            
70:3a:0e:91:ba:72       52  eduroam         0.700786       0.000000      0       33          0           0           0      0        0      0            
70:3a:0e:91:ba:73       52  RIT-Guest         0.679550       0.000000      0       32          0           0           0      0        0      0            
70:3a:0e:91:bc:f0      128  RIT-WiFi         0.382247       0.000000      0       18          0           0           0      0        0      0            
70:3a:0e:91:bc:f2      128  eduroam         0.382247       0.000000      0       18          0           0           0      0        0      0            
70:3a:0e:91:bc:f3      128  RIT-Guest         0.382247       0.000000      0       18          0           0           0      0        0      0            
70:3a:0e:91:c0:90      153  RIT-WiFi         0.042472       0.000000      0        2          0           0           0      0        0      0            
70:3a:0e:91:c0:92      153  eduroam         0.042472       0.000000      0        2          0           0           0      0        0      0            
70:3a:0e:91:c0:93      153  RIT-Guest         0.021236       0.000000      0        1          0           0           0      0        0      0            
70:3a:0e:91:c3:50      136  RIT-WiFi         0.445955       0.000000      0       21          0           0           0      0        0      0            
70:3a:0e:91:c3:52      136  eduroam         0.467190       0.000000      0       22          0           0           0      0        0      0            
70:3a:0e:91:c3:53      136  RIT-Guest         0.424719       0.000000      0       20          0           0           0      0        0      0            
70:3a:0e:91:c3:70       40  RIT-WiFi         0.276067       0.000000      0       13          0           0           0      0        0      0            
70:3a:0e:91:c3:72       40  eduroam         0.276067       0.000000      0       10          0           3           0      0        0      0            
70:3a:0e:91:c3:73       40  RIT-Guest         0.276067       0.000000      0       13          0           0           0      0        0      0            
70:3a:0e:91:c3:90      124  RIT-WiFi         0.573370       0.000000      0       27          0           0           0      0        0      0            
70:3a:0e:91:c3:92      124  eduroam         0.594606       0.000000      0       28          0           0           0      0        0      0            
70:3a:0e:91:c3:93      124  RIT-Guest         0.573370       0.000000      0       26          0           0           1      0        0      0            
70:3a:0e:91:c3:f0      108  RIT-WiFi         0.212359       0.000000      0       10          0           0           0      0        0      0            
70:3a:0e:91:c3:f2      108  eduroam         0.233595       0.000000      0       10          1           0           0      0        0      0  Unknown   
70:3a:0e:91:c3:f3      108  RIT-Guest         0.191123       0.000000      0        9          0           0           0      0        0      0            
70:3a:0e:91:c4:30      144  RIT-WiFi         0.042472       0.000000      0        2          0           0           0      0        0      0            
70:3a:0e:91:c4:32      144  eduroam         0.021236       0.000000      0        1          0           0           0      0        0      0            
70:3a:0e:91:c4:33      144  RIT-Guest         0.021236       0.000000      0        1          0           0           0      0        0      0            
70:3a:0e:91:c4:80        6  RIT-WiFi         0.063708       0.000000      0        3          0           0           0      0        0      0            
70:3a:0e:91:c4:82        6  eduroam         0.084944       0.000000      0        4          0           0           0      0        0      0            
70:3a:0e:91:c4:83        6  RIT-Guest         0.127416       0.000000      0        6          0           0           0      0        0      0            
70:3a:0e:91:c4:90      136  RIT-WiFi         0.870673       0.000000      0       41          0           0           0      0        0      0            
70:3a:0e:91:c4:92      136  eduroam         0.870673       0.000000      0       41          0           0           0      0        0      0            
70:3a:0e:91:c4:93      136  RIT-Guest         0.849437       0.000000      0       40          0           0           0      0        0      0            
70:3a:0e:91:c6:40        1  RIT-WiFi         0.063708       0.000000      0        3          0           0           0      0        0      0            
70:3a:0e:91:c6:42        1  eduroam         0.084944       0.000000      0        4          0           0           0      0        0      0            
70:3a:0e:91:c6:43        1  RIT-Guest         0.084944       0.000000      0        4          0           0           0      0        0      0            
70:3a:0e:91:c6:50      124  RIT-WiFi         0.509662       0.000000      0       23          0           0           1      0        0      0            
70:3a:0e:91:c6:52      124  eduroam         0.509662       0.000000      0       24          0           0           0      0        0      0            
70:3a:0e:91:c6:53      124  RIT-Guest         0.552134       0.000000      0       25          0           0           1      0        0      0            
70:3a:0e:91:c9:40       11  RIT-WiFi         0.127416       0.000000      0        5          0           0           0      0        0      1            
70:3a:0e:91:c9:42       11  eduroam         0.106180       0.000000      0        5          0           0           0      0        0      0            
70:3a:0e:91:c9:43       11  RIT-Guest         0.106180       0.000000      0        5          0           0           0      0        0      0            
70:3a:0e:91:c9:50      112  RIT-WiFi         0.722022       0.000000      0       34          0           0           0      0        0      0            
70:3a:0e:91:c9:52      112  eduroam         0.743258       0.000000      0       35          0           0           0      0        0      0            
70:3a:0e:91:c9:53      112  RIT-Guest         0.743258       0.000000      0       35          0           0           0      0        0      0            
70:3a:0e:95:43:80        6  RIT-Guest         0.276067       0.000000      0       11          0           0           2      0        0      0            
70:3a:0e:95:43:81        6  RIT-WiFi         0.297303       0.000000      0       11          0           0           3      0        0      0            
70:3a:0e:95:43:83        6  eduroam         0.297303       0.000000      0       11          0           0           3      0        0      0            
70:3a:0e:95:43:90      149  RIT-Guest         0.913145       0.000000      0       42          0           0           0      0        0      1            
70:3a:0e:95:43:91      149  RIT-WiFi         0.913145       0.000000      0       43          0           0           0      0        0      0            
70:3a:0e:95:43:93      149  eduroam         0.891909       0.000000      0       42          0           0           0      0        0      0            
bc:9f:e4:af:5c:70      149  RIT-WiFi         0.106180       0.000000      0        5          0           0           0      0        0      0            
bc:9f:e4:af:5c:72      149  eduroam         0.084944       0.000000      0        4          0           0           0      0        0      0            
bc:9f:e4:af:5c:73      149  RIT-Guest         0.106180       0.000000      0        5          0           0           0      0        0      0            
c4:be:84:e3:5f:ca        1  SMA1990039157          0.488426       0.000000      0       23          0           0           0      0        0      0            
c8:b5:ad:34:97:70      157  RIT-WiFi         0.743258       0.000000      0       35          0           0           0      0        0      0            
c8:b5:ad:34:97:72      157  eduroam         0.722022       0.000000      0       34          0           0           0      0        0      0            
c8:b5:ad:34:97:73      157  RIT-Guest         0.743258       0.000000      0       35          0           0           0      0        0      0            
c8:b5:ad:34:9d:70      108  RIT-WiFi         0.764494       0.000000      0       36          0           0           0      0        0      0            
c8:b5:ad:34:9d:72      108  eduroam         0.806965       0.000000      0       38          0           0           0      0        0      0            
c8:b5:ad:34:9d:73      108  RIT-Guest         0.806965       0.000000      0       38          0           0           0      0        0      0            
c8:b5:ad:34:9e:80        1  RIT-WiFi         0.318539       0.000000      0       14          0           0           0      0        0      1            
c8:b5:ad:34:9e:82        1  eduroam         0.276067       0.000000      0       13          0           0           0      0        0      0            
c8:b5:ad:34:9e:83        1  RIT-Guest         0.254831       0.000000      0       12          0           0           0      0        0      0            
c8:b5:ad:34:9e:90      144  RIT-WiFi         0.913145       0.000000      0       42          0           0           0      0        0      1            
c8:b5:ad:34:9e:92      144  eduroam         1.231684       0.000000      0       42         16           0           0      0        0      0  Unknown   
c8:b5:ad:34:9e:93      144  RIT-Guest         0.870673       0.000000      0       41          0           0           0      0        0      0            
c8:b5:ad:34:9e:e0        6  RIT-WiFi         0.127416       0.000000      0        6          0           0           0      0        0      0            
c8:b5:ad:34:9e:e2        6  eduroam         0.148652       0.000000      0        7          0           0           0      0        0      0            
c8:b5:ad:34:9e:e3        6  RIT-Guest         0.148652       0.000000      0        7          0           0           0      0        0      0            
c8:b5:ad:34:9e:f0      112  RIT-WiFi         0.828201       0.000000      0       39          0           0           0      0        0      0            
c8:b5:ad:34:9e:f2      112  eduroam         0.806965       0.000000      0       38          0           0           0      0        0      0            
c8:b5:ad:34:9e:f3      112  RIT-Guest         0.806965       0.000000      0       38          0           0           0      0        0      0            
c8:b5:ad:34:a0:30       44  RIT-WiFi         0.021236       0.000000      0        1          0           0           0      0        0      0            
c8:b5:ad:34:a0:32       44  eduroam         0.063708       0.000000      0        3          0           0           0      0        0      0            
c8:b5:ad:34:a0:33       44  RIT-Guest         0.042472       0.000000      0        2          0           0           0      0        0      0            
c8:b5:ad:34:a1:60        6  RIT-WiFi         0.063708       0.000000      0        3          0           0           0      0        0      0            
c8:b5:ad:34:a1:62        6  eduroam         0.084944       0.000000      0        4          0           0           0      0        0      0            
c8:b5:ad:34:a1:63        6  RIT-Guest         0.042472       0.000000      0        2          0           0           0      0        0      0            
c8:b5:ad:34:a1:70       40  RIT-WiFi         0.976853       0.000000      0       41          0           0           2      0        0      3            
c8:b5:ad:34:a1:72       40  eduroam         0.891909       0.000000      0       40          0           0           2      0        0      0            
c8:b5:ad:34:a1:73       40  RIT-Guest         0.891909       0.000000      0       40          0           0           2      0        0      0            
c8:b5:ad:34:a1:a0        6  RIT-WiFi         0.021236       0.000000      0        1          0           0           0      0        0      0            
c8:b5:ad:34:a1:a3        6  RIT-Guest         0.084944       0.000000      0        4          0           0           0      0        0      0            
c8:b5:ad:34:a1:b0       60  RIT-WiFi         0.849437       0.000000      0       40          0           0           0      0        0      0            
c8:b5:ad:34:a1:b2       60  eduroam         0.806965       0.000000      0       38          0           0           0      0        0      0            
c8:b5:ad:34:a1:b3       60  RIT-Guest         0.785729       0.000000      0       37          0           0           0      0        0      0            
c8:b5:ad:34:a1:e0        1  RIT-WiFi         0.127416       0.000000      0        5          0           0           0      0        0      1            
c8:b5:ad:34:a1:e2        1  eduroam         0.084944       0.000000      0        4          0           0           0      0        0      0            
c8:b5:ad:34:a1:e3        1  RIT-Guest         0.106180       0.000000      0        5          0           0           0      0        0      0            
c8:b5:ad:34:a1:f0       36  RIT-WiFi         0.891909       0.000000      0       40          0           0           0      0        0      2            
c8:b5:ad:34:a1:f2       36  eduroam         0.849437       0.000000      0       40          0           0           0      0        0      0            
c8:b5:ad:34:a1:f3       36  RIT-Guest         0.870673       0.000000      0       41          0           0           0      0        0      0            
c8:b5:ad:34:a2:20       11  RIT-WiFi         0.127416       0.000000      0        6          0           0           0      0        0      0            
c8:b5:ad:34:a2:22       11  eduroam         0.106180       0.000000      0        5          0           0           0      0        0      0            
c8:b5:ad:34:a2:23       11  RIT-Guest         0.106180       0.000000      0        5          0           0           0      0        0      0            
c8:b5:ad:34:a2:30      120  RIT-WiFi         0.828201       0.000000      0       39          0           0           0      0        0      0            
c8:b5:ad:34:a2:32      120  eduroam         0.891909       0.000000      0       41          0           0           1      0        0      0            
c8:b5:ad:34:a2:33      120  RIT-Guest         0.828201       0.000000      0       39          0           0           0      0        0      0            
ff:ff:ff:ff:ff:ff        5  MyWifiNetwork         0.445955       0.000000      0        0          0          21           0      0        0      0            
ff:ff:ff:ff:ff:ff        5  <Broadcast>         0.700786       0.000000      0        0          0          33           0      0        0      0            
ff:ff:ff:ff:ff:ff       10  rit          2.739435       0.000000      0        0          0         129           0      0        0      0            
ff:ff:ff:ff:ff:ff       10  qe23ubrOP3lclxuBRUkl         0.021236       0.000000      0        0          0           1           0      0        0      0            
------------------------------------------------------------------------------------------------------------------------------------------
